1779065999.8582500T0mp/UQAljlM8bKnCLz41ihQ==p6LZcE5tT/VvItJzbas+3A==UmU6SkTvxEhpp8wEGxuiFA==FHGajLD3YfJboPBe3LL/Zw==NA000059552045100OAA3EV15613515647000000DmCaa2k0y4Gm6ikAGvu2qA==22_6/2/1DmCaa2k0y4Gm6ikAGvu2qA==22_6/2/120200102d8e6545f1c000000000272ca2d20200102d8ec1103d50000000004638a2d00.0bo3reaGROYftluYm2HmjZQ==0041779065999.6364331779065999.8415652051325g.sktelecom.com.mnc005.mcc450.gprs00.000.000.0000.000.0000.0002000.000.0000.000.00-1-1-100.0000.0000.0000.0000000000000001100000000000.00000.00DmCaa2k0y4Gm6ikAGvu2qA==638346282229994300100811_6/2/11779065999.636433000000004500508-10.0-1-101779065999.841565087721450054500545005000
1779065999.8584390T0JlcgrbpDriLn6PFs9i3XoA==I5JWPQDUECUHq4b40RUD8w==OnlhnF2+Y7zDKEWEzvGe+g==xKcjq8EV04pJh0MXjzEz6A==NA000065351059100SSA4KX21213621247000000YM3KuypRmxionTl2WoczoQ==1_3/1/5YM3KuypRmxionTl2WoczoQ==1_3/1/520200102d86219703af8642d67a93d23c020200102d86e72bcc9000000000833c8c300.0bo3reaGROYftluYm2HmjZQ==0031779065999.8118951779065999.81189505g.sktelecom.com.mnc005.mcc450.gprs00.000.000.0000.000.0000.00-14000.000.0000.000.00-1-1-100.0000.0000.0000.0000000000000000000000000000.00000.00YM3KuypRmxionTl2WoczoQ==649982756118438300135733_3/1/51779065999.811895000000004500504-10.0-1-101779065999.811895041051450054500545005000
1779065999.8581120T0BZEwNxtY4PARpvX5mlnTpQ==YfW5ko4Oj8yn4Wwn91qG6A==SeNmVHvj4PLMKbYpEn503Q==L+tW/hx/udDl88jFuquvoQ==NA000054791062100OSA5CU17313317347000000Nc7aULB8hSdxt2KjqXXU1g==167_Gi0/1/0/1Nc7aULB8hSdxt2KjqXXU1g==167_Gi0/1/0/120200102d8ef25aa5000000000042508ca20200102d86647da5f00000000046588ca00.0bo3reaGROYftluYm2HmjZQ==0041779065999.4860041779065999.8115253255215g.sktelecom.com.mnc005.mcc450.gprs00.000.000.0000.000.0000.0002000.000.0000.000.00-1-1-100.0000.0000.0000.0000000000000001100000000000.00000.00Nc7aULB8hSdxt2KjqXXU1g==64462848616482471004503187_Gi0/1/0/11779065999.486004000000004500505-10.0-1-101779065999.811525052231450054500545005000
1779065999.8583672T0V/4SkP8Op5yADUUm7+WGUg==5gEK99P5MLfgZnjZLBof+g==tLYBCGd6GrlwaE1PQdsHZg==pcxZTYamdCq3qq4Fa7qEMA==NA000065351061100OSA66K20613920647000000bVN5AaVdP84b8anKXHK8ng==5_Eth-Trunk1bVN5AaVdP84b8anKXHK8ng==5_Eth-Trunk120200102d86375c91b94839c0dfcbfdf5920200102d8eb1598e300000000034cc92641779065968.792771bVN5AaVdP84b8anKXHK8ng==5183241779065989.1392801779065999.843619107043395g.sktelecom.com.mnc005.mcc450.gprs00.000.000.0000.000.0000.0002001779065999.8396331201779065999.84361912000.000.00-1-1-100.0000.0000.0000.0000000011111101100000000000.00000.00bVN5AaVdP84b8anKXHK8ng==64366306151832100662793_Eth-Trunk11779065989.5766231205349019291243706141450050610.0-1111779065989.576623216398145005450054500545005000
1779065999.8586571T07CjFfqBImdCBNPvjQqlfLQ==R59MjdaU+C6hb6vZzzeY9Q==umCZlFbloTdJjGS46g9EnA==I1TA6ETslerhpTeseS2nEg==NA000064011021100LSA2UZ17313817347000000keh212GlUfrHRvILOLlF5w==34_GigabitEthernet0/3/3UWFNYbS9tRurWHkudas6SQ==15_GigabitEthernet0/3/61183387438117676483200.0bo3reaGROYftluYm2HmjZQ==0031779064975.5297761779065999.84461710243148415g.sktelecom.com.mnc005.mcc450.gprs00.000.000.0000.000.0000.00-142700.000.0000.000.00-1-1-100.0000.0000.0000.0000000000000000000000000000.00000.00uh3h7Vxwu2xoEG6F+9wsFA==63862247412125631004327692_GigabitEthernet0/3/41779065906.209627000000004500507-10.0-1-1271779064975.5297762171601450054500545005000
1779065999.8580472T0zxLsrujRuY50tm05VKGRwQ==XyaJsInRebpjGDwntfls1g==teZhGCy7R1+/MutfU8gYzw==DMQIMlqr7KyJEHfqb9YePQ==NA000067941069100SSA44S210136210470000000r9m7QRGm0StrccnqiC7rQ==0_Gi1/1/200r9m7QRGm0StrccnqiC7rQ==0_Gi1/1/2020200102d863350870de75f3cc75cd685120200102d86e72ca6e0000000001088a7731779065971.5643890r9m7QRGm0StrccnqiC7rQ==34825831779065988.7046581779065999.835701111310435g.sktelecom.com.mnc005.mcc450.gprs00.000.000.0000.000.0000.00-14001779065999.8276651201779065999.83570112000.000.00-1-1-100.0000.0000.0000.0000000011111100000000000000.00000.000r9m7QRGm0StrccnqiC7rQ==651756626048258300036074_Gi1/1/201779065988.70465812041493175662000450050810.0-1111779065988.704658218971145005450054500545005000
1779065999.8586430T0kAeKCtWUk4E8BmCojmnXKA==34N+qb7K/1YOQYzEe90tgw==h9uZlh11TdbhmQqt5Ntong==5v9LWFU/S1ePlG6EnJaA+Q==NA000065352058100OSA72X1532331534700000014ha2LDqlKeQsrGDBoRtBg==14_Gi0/3/1/814ha2LDqlKeQsrGDBoRtBg==14_Gi0/3/1/820200102d8ee2a204b0000000002f589dc20200102d86cd211bdf303508b4276420f00.0bo3reaGROYftluYm2HmjZQ==0031779065999.8474921779065999.84749205g.sktelecom.com.mnc005.mcc450.gprs00.000.000.0000.000.0000.00-14000.000.0000.000.00-1-1-100.0000.0000.0000.0000000000000000000000000000.00000.0014ha2LDqlKeQsrGDBoRtBg==6394553541412310300049780_Gi0/3/1/81779065999.847492000000004500505-10.0-1-101779065999.847492053551450054500545005000
1779065999.8587482T0yRuE4vjj/NYnpt2JGVhgWQ==lIWKHYEW7XOjqttHWkoUaQ==uSpXQKHjoElQ2+dcAkl7iw==Mlslp8gBzLDhHkl4JpVR7g==NA00006534BBBB100LGA1VF991399947000000M76F9XCHUl3oVodIOcGbTg==17_Gi0/1/1/10+Ie6hOJl8UYEGK4cujr3xQ==18_Gi0/0/0/420200102d81b1f71dc0000000003280b6c20200102d8eb1e898f0000000000284b6c31779065141.776462+Ie6hOJl8UYEGK4cujr3xQ==18413041779065932.2598161779065999.82780067567984lte.sktelecom.com.mnc005.mcc450.gprs00.000.000.0000.000.0000.0002701779065999.8270761201779065999.82780012000.000.00-1-1-100.0000.0000.0000.0000000011111101100000000000.00000.00+Ie6hOJl8UYEGK4cujr3xQ==639468050184130100445550_Gi0/0/0/41779065992.70426312049890116332347415161450050500.0148081779065932.60756905284145005450054500545005000
1779065999.8587792T0toZ4WUWsnpMe27aPaf16oA==Q4ZdVfRcOj00sIBHPwX0xw==XGavWpJ7thxGrmwPVcvB+w==k08eRfxTEKsm9CUIzVf4XQ==NA000065342066100SSA5KY15713515747000000k8L+t7q3AnGPnRAZldI7Ig==37_1/1/17k8L+t7q3AnGPnRAZldI7Ig==37_1/1/1720200102d8ee61dfe300000000017b8b8c20200102d8e4133bcb0000000002748b8c41779065845.700409k8L+t7q3AnGPnRAZldI7Ig==37435431779065988.7887631779065999.847468110587055g.sktelecom.com.mnc005.mcc450.gprs00.000.000.0000.000.0000.00-14001779065999.8457611201779065999.84746812000.000.00-1-1-100.0000.0000.0000.0000000011111100000000000000.00000.00k8L+t7q3AnGPnRAZldI7Ig==642588818374354100566076_1/1/171779065988.78876312060013122502000450050310.0-1111779065988.788763213310145005450054500545005000
1779065999.8588042T0OWJ1o4C4bcUXz9mOglxJ4w==MScFBE+DPoDh53MXyCAeSA==LLvbxqkVoz71vyUxwlIGcw==QYDLNnBxDBoWVae9i5+idw==NA000074911016100SSA5U820713120747000000L2gpcDDKj4a9hRL2/UPHqA==12_Gi7/1/21L2gpcDDKj4a9hRL2/UPHqA==12_Gi7/1/2120200102d86afd842d9ab5be469ca5c98e20200102d865316c8c0000000005228af031779065957.409188L2gpcDDKj4a9hRL2/UPHqA==124687331779065989.5577971779065999.847243102894465g.sktelecom.com.mnc005.mcc450.gprs00.000.000.0000.000.0000.00-14001779065999.8425171201779065999.84724312000.000.00-1-1-100.0000.0000.0000.0000000011111100000000000000.00000.00L2gpcDDKj4a9hRL2/UPHqA==6480070361246873100528286_Gi7/1/211779065989.55779712029782192112000450050810.0148111779065989.557797218789145005450054500545005000
1779065999.8581320T04TnXiV7AFMwOlwD3YZ00Jw==l0zhjz74k2sZ81J4ovVkUQ==wFkqw1U4ysbJO9bMsCbcwQ==SucMArBH+Y9MRMpiczIxEw==NA000065352055100SSA29U20413220447000000GQAvBrTh75AdzX2zrSwGIw==12_GigabitEthernet0/3/17GQAvBrTh75AdzX2zrSwGIw==12_GigabitEthernet0/3/1720200102d86394aadd3f03868e9df09c8f20200102d86d5557a6000000000490098c00.0bo3reaGROYftluYm2HmjZQ==0031779065999.8339221779065999.83392205g.sktelecom.com.mnc005.mcc450.gprs00.000.000.0000.000.0000.00-14000.000.0000.000.00-1-1-100.0000.0000.0000.0000000000000000000000000000.00000.00GQAvBrTh75AdzX2zrSwGIw==6524945001246870300145718_GigabitEthernet0/3/171779065999.833922000000004500508-10.0-1-101779065999.833922085201450054500545005000
1779065999.8584592T0gLnHoV11+SFG6nv2YqOhYQ==LoraEV+PC2fMeOEOJwgxyw==7G0CpS7pfTh7MihdaYNC1g==RNfXgbDwseOXoTecCwRqmg==NA000067932074100SSA5KU20613720647000000kW/KLYgzasDOkZGo8T+rcg==124_4/1/20kW/KLYgzasDOkZGo8T+rcg==124_4/1/2020200102d86377caca43ebf8886c6fa88920200102d8eb22cdfb0000000000d0497d31779065915.363750kW/KLYgzasDOkZGo8T+rcg==12102731779065989.6760571779065999.832753101566965g.sktelecom.com.mnc005.mcc450.gprs00.000.000.0000.000.0000.00-14001779065999.8270071201779065999.83275312000.000.00-1-1-100.0000.0000.0000.0000000011111100000000000000.00000.00kW/KLYgzasDOkZGo8T+rcg==6501045241210271004712724_4/1/201779065989.67605712034768197782000450050910.0-1111779065989.676057219866145005450054500545005000
1779065999.8587562T1PRx/pDONjblh+5mvVLL5pQ==rud02ZrhI5UyiFpN5OH0TQ==cIlfXfDflGAYQpaDYEVKaw==IPxSlsMg/gVxEnoNSAgK7Q==NA00003783BBBB20158A38E152017347000000XE2vk/HlsJriO9VZ6GL0qg==37_Gi0/1/1/9XE2vk/HlsJriO9VZ6GL0qg==37_Gi0/1/1/914636898130041779065977.542024XE2vk/HlsJriO9VZ6GL0qg==171232341779065986.4359431779065999.84375313407810lte-internet.sktelecom.com.mnc005.mcc450.gprs00.000.000.0000.000.0000.0002001779065999.8419931201779065999.84375312000.000.00-1-1-100.0000.0000.0000.0000000011110001100000000000.00000.00XE2vk/HlsJriO9VZ6GL0qg==6412752503712323100576706_Gi0/1/1/91779065986.78220612039798163533134592431450051300.0-1011779065986.78220603785145005450054500545005000
1779065999.8587822T0IMNUe3ADIslJPzoT09boPw==iYtPXcP83scoKrkCZK7VGw==ySmP4KomeV40wB9wZmRmAw==1skzgKbIhp8wO86SWF8Nsw==NA000067932076100SSA5JU173131173470000001+RDKFkEBS9kscwHeNlO1A==18_2/2/221+RDKFkEBS9kscwHeNlO1A==18_2/2/2220200102d8e72ee75300000000024008f220200102d86538774c00000000037cc8f241779065735.0291011+RDKFkEBS9kscwHeNlO1A==18411231779065988.5111151779065999.83205611320941lte.sktelecom.com.mnc005.mcc450.gprs00.000.000.0000.000.0000.00-14001779065999.8299551201779065999.83205612000.000.00-1-1-100.0000.0000.0000.0000000011111100000000000000.00000.001+RDKFkEBS9kscwHeNlO1A==638408358184112300113333_2/2/221779065988.51111512049891126972000450050900.0-1011779065988.51111509338145005450054500545005000
1779065999.8587430T0QBNJNdOynW2QRyVXHo2W+Q==ykiILof0fsPpAnz+STGlvA==R12G7oU5C8tuc1XbreAOtw==xTR7Lb+HKmeGBaXxutsHzw==NA000047692051100LSA6KL17313517347000000vKrKbe1BimlKYFcOMY0Ueg==13_3039vKrKbe1BimlKYFcOMY0Ueg==13_303920200102d8e722c159000000000513493e20200102d8ec143279000000000774093e00.0bo3reaGROYftluYm2HmjZQ==0031779065999.8090371779065999.80903705g.sktelecom.com.mnc005.mcc450.gprs00.000.000.0000.000.0000.00-14000.000.0000.000.00-1-1-100.0000.0000.0000.0000000000000000000000000000.00000.00vKrKbe1BimlKYFcOMY0Ueg==652289807134656100440913_30391779065999.809037000000004500507-10.0-1-101779065999.809037072871450054500545005000
1779065999.8580600T1jWetJQSep7Nn6AuXshXeYg==7B5awze2F9V1l19kKkATKQ==Dn0PuPA3G/sx5YNcugZefg==e+1c8SlFCl+3Y2qatLYfsQ==NA00007362BBBB20159A49C20323420347000000bBdtyexE7I5x5vuxeND9kw==4_GigabitEthernet0/3/5bBdtyexE7I5x5vuxeND9kw==4_GigabitEthernet0/3/520200102d864853546ae932f06e4b6d78920200102d86ce793a675a1e73ae1a75f8a00.0bo3reaGROYftluYm2HmjZQ==0031779065999.8209361779065999.8209360lte.sktelecom.com.mnc005.mcc450.gprs00.000.000.0000.000.0000.00-14000.000.0000.000.00-1-1-100.0000.0000.0000.0000000000000000000000000000.00000.00bBdtyexE7I5x5vuxeND9kw==650047693418451100577255_GigabitEthernet0/3/51779065999.820936000000004500513-10.0-1-101779065999.820936037701450054500545005000
1779065999.8583922T0Zc35/KB1Cghcc/WJKBmKFg==JAKet/P6oKVRvc8lM8ZrLw==Ts/Fff4N/8sPzPOp55NcJA==cGqloqXg6Z358XEC7O2WTg==NA000065371030100OAA5W62081312084700000092zpznrFLrMRbgjJZDk3KA==17_Gi0/1/0/792zpznrFLrMRbgjJZDk3KA==17_Gi0/1/0/720200102d862509dd4a507bb82ba53988120200102d86d3997ca000000000358889131779065969.71507892zpznrFLrMRbgjJZDk3KA==174849831779065983.6783721779065999.814242161358705g.sktelecom.com.mnc005.mcc450.gprs00.000.000.0000.000.0000.00-14001779065999.8092821201779065999.81424212000.000.00-1-1-100.0000.0000.0000.0000000011111100000000000000.00000.0092zpznrFLrMRbgjJZDk3KA==6437026381748498100432974_Gi0/1/0/71779065983.67837212060351189122000450050410.0-1111779065983.678372214818145005450054500545005000
1779065999.8589702T0KV6cwF/X1S9eQx+6wUyUOw==893qs88LC0bRmCa4lWC22w==tSyvqc1cZZ4rU6reC2bHnQ==az9s5gpb2lvb4Phz94R1LQ==NA000065352071100SSA2F615923815947000000CuvvE3JecT+s8DFhpl/bkA==24_4/2/9CuvvE3JecT+s8DFhpl/bkA==24_4/2/920200102d8ee8698fa0000000003a30bdf20200102d86ea05b3055139aec36683d5b31779065980.807278CuvvE3JecT+s8DFhpl/bkA==24438531779065980.9690021779065999.819241188502395g.sktelecom.com.mnc005.mcc450.gprs00.000.000.0000.000.0000.00-14001779065999.8179541201779065999.81924112000.000.00-1-1-100.0000.0000.0000.0000000011111100000000000000.00000.00CuvvE3JecT+s8DFhpl/bkA==638415442244385300206739_4/2/91779065980.96900212058372117252000450050610.0-1111779065980.969002216317145005450054500545005000
1779065999.8581200T0CWQbAllNfjvGGoGiafkwXQ==O5Th44elq7cCuIIsWztS3A==ZdLSqc6w6KT29L3qHsTa7w==zPhQ98P5hYtx70bqnyykTA==NA000065372065100SSA5FN17213817247000000SIDbmInHCEQF7ajbGnR8lg==14_4/1/3SIDbmInHCEQF7ajbGnR8lg==14_4/1/320200102d8e715b5910000000007560a9e20200102d86706aa780000000005ec4a9e00.0bo3reaGROYftluYm2HmjZQ==0031779065999.8479641779065999.84796405g.sktelecom.com.mnc005.mcc450.gprs00.000.000.0000.000.0000.00-14000.000.0000.000.00-1-1-100.0000.0000.0000.0000000000000000000000000000.00000.00SIDbmInHCEQF7ajbGnR8lg==638388314148480300133426_4/1/31779065999.847964000000004500508-10.0-1-101779065999.847964088071450054500545005000
1779065999.8588492T0wfCHm5eoigAbtQzE5gGW/A==9eH/E6HGVayumW6EALkrpQ==ZgvuiLOdknGyXDa8Fy+KbQ==9pyUfI5K/BXc0VItTng0Cg==NA000065341055100SSA5QT15513515547000000qhW3QSESH7Nr36kW2e16YQ==9_1/2/10MF/3oJrcvEhXZLAyE9JRjQ==5_4/1/1820200102d8e647555b0000000000708b8320200102d8e419746100000000032d4b8341779065960.329175qhW3QSESH7Nr36kW2e16YQ==91003431779065987.0145581779065999.847482128329245g.sktelecom.com.mnc005.mcc450.gprs00.000.000.0000.000.0000.00-14101779065999.8456291201779065999.84748212000.000.00-1-1-100.0000.0000.0000.0000000011111100000000000000.00000.00MF/3oJrcvEhXZLAyE9JRjQ==638411414510034300128331_4/1/181779065989.44991212061163126812000450050610.0-1121779065987.014558216294145005450054500545005000
1779065999.8585942T0dsLXpRdMBw7DLWhYUjiKLA==FhTLTaP6UF/UEkMX+pnd3A==5ez8hhziRTahMI32StgAmw==ZTgJqZweQFDFN2zIB8m/2A==NA000065341050100LSA1C915323215347000000Nr/K/Jfu1Li64ivxcxqJ0w==7_4/2/8Nr/K/Jfu1Li64ivxcxqJ0w==7_4/2/81183075942117318511641779065892.301470Nr/K/Jfu1Li64ivxcxqJ0w==11000331779065976.6731731779065999.817441231442685g.sktelecom.com.mnc005.mcc450.gprs00.000.000.0000.000.0000.00-14001779065999.8161171201779065999.81744112000.000.00-1-1-100.0000.0000.0000.0000000011111100000000000000.00000.00Nr/K/Jfu1Li64ivxcxqJ0w==638407886710003300038496_4/2/81779065976.67317312051459118102000450050610.0-1111779065976.673173216587145005450054500545005000
