1779069599.9787152O7ou9hGcgYytfN5f2kOe5RPw==iLEXez/kAcVu8eWvylKEdQ==E4TcQ4Mxr1hi6iNye5E1/Q==0020246000000a0B9H6/ZQExyCsNLKPYIwg==0_Eth-Trunk1a0B9H6/ZQExyCsNLKPYIwg==0_Eth-Trunk1116859759230031779068879.766701a0B9H6/ZQExyCsNLKPYIwg==0179331779069589.8291191779069599.90177010072651live.Vodafone.com.mnc004.mcc204.gprsims00.000.000.0000.000.0000.00-14001779069599.8924891201779069599.90177012000.000.00-1-1-12091779069589.8766093300.0000.0000.0000000011110000000000000000.0062091779069589.87660933a0B9H6/ZQExyCsNLKPYIwg==65144632601793100385341_Eth-Trunk11779069589.82911912030807156431000204047600.0-1011779069589.82911906363145005450054500545005000
1779069600.0390782T0VCQxm4MFJbPVawZCQ//mzQ==l78TCbBAhEyi95mUwhIlXA==zMxoUZWNQE7qviZDs5+HLQ==202020247000000GIRlNJzT7Qp4SRsx8U8h/g==41_GigabitEthernet0/0/12GIRlNJzT7Qp4SRsx8U8h/g==41_GigabitEthernet0/0/1211715197540031779069578.432738GIRlNJzT7Qp4SRsx8U8h/g==411843251779069587.3821331779069599.97264912590516lte.sktelecom.com.mnc005.mcc450.gprs00.000.000.0000.000.00231779069599.972649121-13001779069599.9673541211779069599.97264912100.000.00-1-1-100.0000.0000.0000.00000000111100100000000002181779069599.9673541212231779069599.972649121GIRlNJzT7Qp4SRsx8U8h/g==6499695564118432300434607_GigabitEthernet0/0/121779069587.382133126491591102301000450050200.0-1011779069587.38213302165145005450054500545005000
1779069600.121807200047000000qiidZe5fqoE8e2fMr947vw==12_3241qiidZe5fqoE8e2fMr947vw==12_3241000000.0bo3reaGROYftluYm2HmjZQ==0051779069600.0509811779069600.05128830700.000.000.0000.000.0000.00-13000.001779069600.051288302751779069600.05126590.00-1-1-100.0000.0000.0000.0000000000000000000000000000.005751779069600.0512659qiidZe5fqoE8e2fMr947vw==638331074184861004338482_32411779069600.050981000307000000.0-1-101779069600.05098100450054500545005000
1779069600.1223102O0i3p+RmrvHCNG69Vtj1oMRw==lgV/cPr4H2UCtUzaBNmt6w==C3/pcovBDiwbDmNpFjzhzw==0017547000000Hwo7pjtvV3lmqSvjhKHDXA==6_4/1/21Hwo7pjtvV3lmqSvjhKHDXA==6_4/1/2111762037040051779069427.165326MqH6cMpGrpeRFneQ4J/QoA==34534431779069589.6733701779069600.08159510408225scania.apn3.cxn.mnc008.mcc240.gprsims00.000.000.0000.000.0000.00-14001779069600.0797881201779069600.08159512000.000.00-1-1-12091779069590.0746233300.0000.0000.0000000011110000000000000000.0062091779069590.07462333Hwo7pjtvV3lmqSvjhKHDXA==639829638645344300260126_4/1/211779069589.6733701203982813611031000240080000.0-1011779069589.67337000165145005450054500545005000
1779069600.2068092O7Nvs2AcwoypShry8T/eXh/g==lgxIKiW0Qz9gt+7haH3eRQ==Iz8AzUiyqp4PzSE+S5rYdw==00047313152JJYgpzxuEpcB2TxxuoNuVg==0_GigabitEthernet0/3/2JJYgpzxuEpcB2TxxuoNuVg==0_GigabitEthernet0/3/2000000.0bo3reaGROYftluYm2HmjZQ==0011779069598.7422581779069600.1403881398130doosan.forklift00.001779069598.74259820011779069599.617231200100.001779069599.581205200100.00-13000.001779069600.14038830200.000.00-1-1-12091779069600.140375800.0000.0000.000000001000000000011111162091779069600.140375862091779069600.1403758JJYgpzxuEpcB2TxxuoNuVg==652522820046867300336761_GigabitEthernet0/3/21779069598.7422580262099311360313000204047100.0-1-101779069598.742258014631450054500545005681
1779069600.2548972T0McylFyi7a3fngMnEJ2EmFA==3TRgggjqNbg4NyNI9sgAfQ==/li52FxQL2eof8dgDJtWyA==10810205470000004TXZaLLMRoD4tqehqdNlUw==1_GigabitEthernet0/1/44TXZaLLMRoD4tqehqdNlUw==1_GigabitEthernet0/1/411714331860041779069555.3500243efxkMPelIZoVEKnomgvFg==14852141779069587.7425041779069600.22389312481389lte.sktelecom.com.mnc005.mcc450.gprs00.000.000.0000.000.00231779069600.22389350402001779069600.1965825041779069600.22389350400.000.00-1-1-100.0000.0000.0000.00000000111100111000000002181779069600.1965825042231779069600.2238935044TXZaLLMRoD4tqehqdNlUw==651947122148521300041986_GigabitEthernet0/1/41779069588.3397211205303218089159688121450050510.0-1111779069588.33972105937145005450054500545005000
1779069600.0652782O6bAxRWg67WvM4xAKu8odVQQ==00046310000UZDbceoUd8vaL2eq5Mcy/g==0_GigabitEthernet0/0/1UZDbceoUd8vaL2eq5Mcy/g==0_GigabitEthernet0/0/1000011778925358.625789UZDbceoUd8vaL2eq5Mcy/g==0179911779069599.7307731779069600.0032632724903181779069600.002938150011779069599.731099150010.0000.000.00231779069600.003263301-13000.001779069600.003263301681779069600.00324780.00-1-1-100.0000.0000.0000.000000001000000000010000013181779069600.002938150012231779069600.003263301UZDbceoUd8vaL2eq5Mcy/g==65145962701799100456556_GigabitEthernet0/0/11779069599.730773301002724901000515026500.0151-101779069599.730773051340450054500545005450051150011
1779069600.1562582T02LlizCGg7f0SFleDlpfYpg==FsUnyA0ZQ4cHYTf279jkWw==aIZ6T2RuwRy+H/Lo1bfagQ==wKZWsHlFrm/7RQtgzaeBOQ==NA000059551059100SSA2CW20923420946000000bo3reaGROYftluYm2HmjZQ==0bo3reaGROYftluYm2HmjZQ==020200102d86245a08470fb723d810517db20200102d86cf75caf4552b31575efdb4b61779069599.533947UGubXSIqbo+lO2pH3e2pzg==21793661779069600.1248271779069600.125055228lte.sktelecom.com.mnc005.mcc450.gprs00.000.000.0000.000.0000.00-1-1000.000.0000.000.00-1-1-100.001771779069600.1250559000.0000.000000001000000100000000031771779069600.1250559031771779069600.12505590bo3reaGROYftluYm2HmjZQ==00001779069600.124827120002280000450050400.0-1000.004537145005000
1779069600.1549962O19p3yp0bEZKiLhRAHjnESkQ==8PWLe9e/dD7mOfnIU90pdg==IkDgMoIJwy7JEXgfThLMrw==00046313151TwYj2XqgLKCDEGqMaulAZw==212_3031TwYj2XqgLKCDEGqMaulAZw==212_30310000111779062967.430499NgWYgyBPX2UQ07qt0HfP2w==451258011779069599.3568801779069600.096682739802cmtds00.001779069599.35724720011779069599.827044200100.001779069599.797092200100.00-13000.001779069600.09668230200.000.00-1-1-12091779069600.0966603300.0000.0000.000000001000000000011111162091779069600.0966603362091779069600.09666033TwYj2XqgLKCDEGqMaulAZw==63832066621125801004296802_30311779069599.356880020470535350973000460011200.0151-101779069599.356880028101450054500545005450056331
1779069600.1551192T0zNFJlnC3+4Aa1Z2iUJ2Lhg==xgnPJ6ekGYe1YtujSSYOJA==2pgYvb0j/QVrm6VAMWBkJw==hnXOQIcY/FGAcB9vqn834A==NA000048911007100OEOEH420713120746000000k6O4mjKGxkgvNCl2Bdmh+A==1_3/1/15k6O4mjKGxkgvNCl2Bdmh+A==1_3/1/1511837391311168266887831779069596.234277k6O4mjKGxkgvNCl2Bdmh+A==1102731779069596.2288451779069600.0639553835110lte.sktelecom.com.mnc005.mcc450.gprs00.000.000.0000.000.00231779069600.063955126-14001779069600.0637801261779069600.063955126781779069600.063942170.00-1-1-100.0000.0000.0000.0000000010000000000000000291779069600.0636641262231779069600.063955126k6O4mjKGxkgvNCl2Bdmh+A==65010583611027300099045_3/1/151779069596.2288453002731278111035411000450050600.0148001779069596.22884506474145005450054500545005000
1779069600.2114542O0bWgWhaItMMGLtuky2TK9Xg==b2gmvYfkTqVjJetIBEUaPg==0004631315525rfBkW8CFcMrJhhU9yR/FA==11_GigabitEthernet0/3/115rfBkW8CFcMrJhhU9yR/FA==11_GigabitEthernet0/3/11000011779068963.3889595rfBkW8CFcMrJhhU9yR/FA==114535211779069599.4028891779069600.189822786933ntnet3161779069600.189505150041779069599.48285820011779069599.9329491500400.001779069599.892954200100.00-13000.001779069600.189822302681779069600.189807110.00-1-1-100.0000.0000.0000.00000000100000000001110115921779069599.482545215681779069600.189807115rfBkW8CFcMrJhhU9yR/FA==6406866301145352100567464_GigabitEthernet0/3/111779069599.40661230228350545034284000429010000.0-1-101779069599.402889008981450054500545005450055210
1779069600.3509452T0apGY3Pn6xX9oHFrumSLLHQ==MbBOr31bwDm2KhKqA6Jgqw==px0V2OVM2dD0InLykfeisQ==20113817346000000WBIruKRcEXHTx3tMrWCNkQ==28_GigabitEthernet0/3/7WBIruKRcEXHTx3tMrWCNkQ==28_GigabitEthernet0/3/720200102d8650bb9c444b959fab9ca85c120200102d86f0d1ea3000000000101c85131779069547.314063WBIruKRcEXHTx3tMrWCNkQ==281371231779069548.4525001779069600.305851518533515g.sktelecom.com.mnc005.mcc450.gprs00.000.000.0000.000.00231779069600.305851504-14001779069600.3044445041779069600.30585150400.000.00-1-1-100.0000.0000.0000.00000000111111100000000002181779069600.3044445042231779069600.305851504WBIruKRcEXHTx3tMrWCNkQ==6427827422813712100579303_GigabitEthernet0/3/71779069548.45250012060998120752000450050510.0-1111779069548.452500215930145005450054500545005000
1779069600.3818222T0V1CEBHPoAZQwyNMwVssklw==tCALoflGxZe/N6LdNrBowg==62JoIaY577F5d+/rBPnPrg==uAfRYkcS/Fr5lvLATqMR7g==NA000067932071100LGA12G20923420947000000bo3reaGROYftluYm2HmjZQ==0bo3reaGROYftluYm2HmjZQ==020200102d863407765830a47d99384c69420200102d86ceccc333b8c5a6858f1685861779069015.414624CzoFPCfs5Z+smtrNXaxLbQ==5182661779069600.3640041779069600.364225221lte.sktelecom.com.mnc005.mcc450.gprs00.000.000.0000.000.0000.00-1-1000.000.0000.000.00-1-1-100.001771779069600.3642259000.0000.000000001000000100000000031771779069600.3642259031771779069600.36422590bo3reaGROYftluYm2HmjZQ==00001779069600.364004121002210000450050500.0148000.005203145005000
1779069600.3819492O1b9F2ae6GTg9wHHOWQZuFBg==Jlkyvf5vbyqtdt56wz//ww==G4QOYVeWpLEw/Q7O/DQgJA==00047313152yzifJl80iwCxsbPLdI4n1Q==13_3/2/13yzifJl80iwCxsbPLdI4n1Q==13_3/2/13000000.0bo3reaGROYftluYm2HmjZQ==0011779069599.3530421779069600.360073100703100.001779069599.35336720011779069600.049176200100.001779069600.036882200100.00-13000.001779069600.36007330200.000.00-1-1-12091779069600.3600653100.0000.0000.000000001000000000011111162091779069600.3600653162091779069600.36006531yzifJl80iwCxsbPLdI4n1Q==649981132131031300109134_3/2/131779069599.353042030615927008723000460021600.0-1-101779069599.3530420683514500545005450056311
1779069600.4549062O0QnxyjwPlc8coyTYvygTFSw==T+x+27xD/bOg/Uzxmf0eEw==FZQ+rz/PQvSUkvLFAcQ66A==0017246000000A2E5w64IHRuyoevs/4Edig==272_1/1/3A2E5w64IHRuyoevs/4Edig==272_1/1/300202600038046a002440000006024796f0151779069305.519192A2E5w64IHRuyoevs/4Edig==271258341779069598.5524241779069600.385237183281300.000.000.0000.000.00231779069600.38523750402001779069600.3839745041779069600.38523750400.000.00-1-1-100.0000.0000.0000.00000000110011111000000002181779069600.3839745042231779069600.385237504A2E5w64IHRuyoevs/4Edig==63976919427125831004304302_1/1/31779069599.2790983005010511978172632951310280100.0-1001779069599.27909801323145005450054500545005000
1779069600.4559392T1FjA9k9NJpzr5RvSzbLSzlA==0004621120000GxmTDfFaEwbbGkJ6jY/25w==7_4/1/7GxmTDfFaEwbbGkJ6jY/25w==7_4/1/7000011778946635.858052jOmhkDNP5KW1hEIgtwdcXA==441843611779069600.4087161779069600.419010102943181779069600.418682150011779069600.409079150010.0000.000.00231779069600.419010301-13000.001779069600.419010301681779069600.41899980.00-1-1-100.0000.0000.0000.000000001000000000010000013181779069600.418682150012231779069600.419010301GxmTDfFaEwbbGkJ6jY/25w==649976652718436300033167_4/1/71779069600.40871630100102941000450051200.00-101779069600.408716020070450054500545005450051150011
1779069600.5297522O0WPbYLUseSNqsQXXUd6o7Cw==z7/JbBWeIRSJIuJnkS8IEw==C5crpyaz9V/tTxMjSFZSTg==0020447000000k+vI/bwKw9PioTtHQYV0+g==12_GigabitEthernet0/3/3k+vI/bwKw9PioTtHQYV0+g==12_GigabitEthernet0/3/311732900230011779069006.047558k+vI/bwKw9PioTtHQYV0+g==94687331779069590.2818451779069600.49979010217945vceprod.attz.mnc170.mcc310.gprsims00.000.000.0000.000.0000.00-14001779069600.4942481201779069600.49979012000.000.00-1-1-12091779069590.4826643300.0000.0000.0000000011110000000000000000.0062091779069590.48266433k+vI/bwKw9PioTtHQYV0+g==6525010041246873300217828_GigabitEthernet0/3/31779069590.2818451203174411548632000310170200.0-1021779069590.28184502736145005450054500545005000
1779069600.4562602O5FhC9vI6rUZ0ijpM5h/jM/Q==zgsY50sMVOeFfInA/SVaOA==pBAztv/1E4foKfvxonG8cw==0020246000000Lo0v65nArkuHWELcWZ3RYw==9_Gi1/1/7Lo0v65nArkuHWELcWZ3RYw==9_Gi1/1/711826242370051779069592.745008Lo0v65nArkuHWELcWZ3RYw==94826531779069595.4450531779069600.4361834991130iot.1nce.net.mnc040.mcc901.gprs00.000.000.0000.000.00231779069600.436183504-14000.001779069600.436183504781779069600.436174170.00-1-1-100.0000.0000.0000.0000000010000000000000000291779069600.4358845042231779069600.436183504Lo0v65nArkuHWELcWZ3RYw==651824158948265300120037_Gi1/1/71779069595.445053300499043823930000901405100.0-1001779069595.44505301234145005450054500545005000
1779069600.5310752T0ReC02PxiFbUnZmc6Y12rrQ==UUUOM01iOkiHMTEmQjw3qA==rEV3iy8nZNhEzQbEHDq/zA==s4bk70VnrTN3JBzjxGD2Lw==NA000059411022100OAA5U91571351574721632112552HLMEStEqth+u7UX38Nko+Q==25_3011HLMEStEqth+u7UX38Nko+Q==25_3011117658557820200102d8e41ea9a50000000001fc4a7600.0bo3reaGROYftluYm2HmjZQ==0011779069582.1972351779069600.49625318299018lte.sktelecom.com.mnc005.mcc450.gprslte.sktelecom.com00.001779069582.32639120011779069582.474354200100.001779069582.466455200100.00-13001779069600.4941251201779069600.496253120921779069582.326112210.00-1-1-100.0000.0000.0000.0000000011111100000111111000.005921779069582.32611221HLMEStEqth+u7UX38Nko+Q==642584006254370100440192_30111779069582.860944030294754285105000450050300.0-1011779069582.197235036171450054500545005000
1779069600.6045312O05TIFVLOx3TVRmQYM726uRw==YrmG4WLLmyZxqZPrRsp33w==TzmRVXonGFPfIfOZGxVkBg==00205473131551sEMFIZsbgq0GAgamPsc+iw==0_Vlanif20sEMFIZsbgq0GAgamPsc+iw==0_Vlanif20100000.0bo3reaGROYftluYm2HmjZQ==0011779069596.7347561779069600.5377563803000ltcnet.mnc001.mcc457.gprsltcnet00.001779069596.73509120011779069597.169107200100.001779069597.135964200100.00-13000.001779069600.53775630200.000.00-1-1-12091779069600.53774430331779069600.5374167200.0000.00000000100000000001111113321779069600.05316990062091779069600.53774430sEMFIZsbgq0GAgamPsc+iw==65199338009534300025865_Vlanif201779069596.7347560127983336750176000457010100.0-1-101779069596.73475601549145005450054500539001
1779069600.6051292T1Pmyp4de6NZ4cxdwNV6kVmQ==fisxNoXYplSVdC/fF8JUnA==XOx7mpVFgiMMSvAL9O7m5A==lZ3DPkfLeCZ4IVrQ/aVWFg==NA00003843BBBB100C1A00I1510155470000000G4ZLsQlc6uqNuVUN8bnTQ==3_Gi0/2/1/170G4ZLsQlc6uqNuVUN8bnTQ==3_Gi0/2/1/1717058837060031779069466.542196hD0UWEp7MrgpCfdn/uSWQA==114560731779069590.4838651779069600.54549110061626lte-internet.sktelecom.com.mnc005.mcc450.gprsIMS00.000.000.0000.000.0000.00-14001779069600.5437561201779069600.54549112000.000.00-1-1-12091779069590.5350273300.0000.0000.0000000011110000000000000000.0062091779069590.535027330G4ZLsQlc6uqNuVUN8bnTQ==639517318345607300048573_Gi0/2/1/171779069590.48386512048165127041000450051200.0-1011779069590.48386502016145005450054500545005000
1779069600.6711102O2j8kE8JaPJTv21qszHGWjRw==GDVg3gQ3cq9CfF/46ajE2g==ECP53jIIyVQga3ZouWuAww==0015547003100ymwrJ3jvq76nPkERaIfFAA==24_Gi0/6/1/13ymwrJ3jvq76nPkERaIfFAA==24_Gi0/6/1/1300202a0af6402414b396000000000000000151779069578.838356TRAUskiuMGXyOTLlpnuORw==381257951779069593.6953281779069600.64185669465283161779069600.35695730020.001779069593.985291300200.000.0000.00-13000.001779069600.641856302751779069600.357283170.00-1-1-100.0000.0000.0000.0000000011000000000001000000.005751779069600.35728317ymwrJ3jvq76nPkERaIfFAA==6412765982412546300105550_Gi0/6/1/131779069593.695328300002895671000216012300.0-1001779069593.69532803570145005450054500545005000
1779069600.7216132T0wxLNVaeNRzmzv5M43HKgdQ==xR2wrLjKEhY/18UdNOjVIw==2T6brpg20z6Va1YWDDqZJQ==161016146000000KVKb3gYK2haURXnKABwHgQ==4_GigabitEthernet0/3/11KVKb3gYK2haURXnKABwHgQ==4_GigabitEthernet0/3/1111690281740051779069480.732912KVKb3gYK2haURXnKABwHgQ==124532831779069596.5844611779069600.6621134077652lte.sktelecom.com.mnc005.mcc450.gprs00.000.000.0000.000.00231779069600.662113504-14001779069600.6604075041779069600.66211350400.000.00-1-1-100.0000.0000.0000.00000000111100100000000002181779069600.6604075042231779069600.662113504KVKb3gYK2haURXnKABwHgQ==640684670445328300389488_GigabitEthernet0/3/111779069596.58446130050242121541000450050400.0-1011779069596.58446104982145005450054500545005000

